-0.0498137
-0.0498137
-0.0498137
-0.0498137
-0.0498137
-0.0498137
-0.0498137
-0.0498137
-0.0498137
-0.0498137
-0.0498137
-0.0498137
-0.0498137
-0.0498137
-0.0498137
-0.0498137
-0.0498137
-0.0498137
-0.0498137
-0.0390804
-0.0390804
-0.0390798
-0.0390798
-0.0390798
-0.0390798
-0.0390798
-0.0390798
-0.0390798
-0.0390798
-0.0390798
-0.0390798
-0.0390798
-0.0390798
-0.0390798
-0.0390798
-0.0390798
-0.0390798
-0.0390798
-0.0390798
-0.0390798
-0.0390798
-0.0390798
-0.0390798
-0.0390798
-0.0390798
-0.0390798
-0.0390798
-0.0160697
-0.0160697
-0.0160697
-0.0160697
-0.0160714
-0.0160714
-0.0160714
-0.0160714
-0.00677512
-0.00677704
-0.00677704
-0.00677704
-0.00677704
-0.00677704
-0.00677704
-0.00677704
-0.00677704
-0.00677704
-0.00677704
-0.00677704
-0.00677704
-0.00677704
-0.00677704
-0.00677704
-0.00677704
-0.00677704
-0.00677704
-0.00677704
-0.00677704
-0.00677704
-0.00677704
-0.00677704
-0.00677704
-0.00677704
-0.00677704
-0.00677704
-0.00677704
-0.00677704
-0.00677704
-0.00677704
-0.00677704
-0.00677704
-0.00677704
-0.00677704
-0.00677704
-0.00677704
-0.00677704
-0.00677704
-0.00677704
-0.00677704
-0.00677704
-0.00677704
-0.00677704
-0.00677704
-0.00677704
-0.00677704
-0.00677704
-0.00677704
-0.00677704
-0.00677704
-0.00677704
-0.00677704
-0.00677704
-0.00677704
-0.00677704
-0.00677704
-0.00677704
-0.00677704
-0.00677704
-0.00677704
-0.00677704
-0.00677704
-0.00677704
-0.00677704
-0.00677704
-0.00677704
-0.00677704
-0.00677704
-0.00677704
-0.00677704
-0.00677704
-0.00677704
-0.00677704
-0.00677704
-0.00677704
-0.00677704
-0.00677704
-0.00677704
-0.00677704
-0.00677704
-0.00677704
-0.00677704
-0.00677704
-0.00677704
-0.00677704
-0.00677704
-0.00677704
-0.00677704
-0.00677704
-0.00677704
-0.00677704
-0.00677704
-0.00677704
-0.00677704
-0.00677704
-0.00677704
-0.00677704
-0.00677704
-0.00677704
-0.00677704
-0.00677704
-0.00677704
-0.00677704
-0.00677704
-0.00677704
-0.00677704
-0.00677704
-0.00677704
-0.00677704
-0.00677704
-0.00677704
-0.00677704
-0.00677704
-0.00677704
-0.00677704
0.00247231
0.00247231
0.00247231
0.00247231
0.00248017
0.00248017
0.00248017
0.00248017
0.00248017
0.00248017
0.00248017
0.00248017
0.00248017
0.00248017
0.00248017
0.00248017
0.00248017
0.00248017
0.00248017
0.00248017
0.00248017
0.00248017
0.00248017
0.00248017
0.00248017
0.00248017
0.00248017
0.00248017
0.00248017
0.00248017
0.00248017
0.00248017
0.00248017
0.00248017
0.00248017
0.00248017
0.00248017
0.00248017
0.00248017
0.00248017
0.00248017
0.00248017
0.00248017
0.00248017
0.00248017
0.00248017
0.00248017
0.00248017
0.00248017
0.00248017
0.00248017
0.00248017
0.00248017
0.00248017
0.00248017
0.00248017
0.00248017
0.00248017
0.00248017
0.00248017
0.00248017
0.00248017
0.00248017
0.00248017
0.00248017
0.00248017
0.00248017
0.00248017
0.00248017
0.00248017
0.00248017
0.00248017
0.00248017
0.00248017
0.00248017
0.00248017
0.00248017
0.00248017
0.00248017
0.00248017
0.00248017
0.00248017
0.00248017
0.00248017
0.00248017
0.00248017
0.00248017
0.00248017
0.00248017
0.0219341
0.0219341
0.0219341
0.0219341
0.0219341
0.0219341
0.0219341
0.0219341
0.0219341
0.0219341
0.0219341
0.0219341
0.0219341
0.0219341
0.0219341
0.0219341
0.0219341
0.0219341
0.0219341
0.0219341
0.0219341
0.0219341
0.0219341
0.0219341
0.0219341
0.0219341
0.0219341
0.0219341
0.0219341
0.0219341
0.0219341
0.0219341
0.0219341
0.0219341
0.0219341
0.0219341
0.0219341
0.0219341
0.0219341
0.0219341
0.0219341
0.0219341
0.0219341
0.0219341
0.0219341
0.0219341
0.0219341
0.0219341
0.0219341
0.0219341
0.0219341
0.0219341
0.0219341
0.0219341
0.0219341
0.0219341
0.0219341
0.0219341
0.0219341
0.0219341
0.0219341
0.0219341
0.0219341
0.0219341
0.0219341
0.0219341
0.0219341
0.0219341
0.0219341
0.0219341
0.0219341
0.0219341
0.0219341
0.0219341
0.0219341
0.0219341
0.0219341
0.0219341
0.0219341
0.0219341
0.0219341
0.0219341
0.0219341
0.0219341
0.0219341
0.0219341
0.0219341
0.0219341
0.0219341
0.0219341
0.0219341
0.0219341
0.0219341
0.0219341
0.0219341
0.0219341
0.0219341
0.0219341
0.0219341
0.0219341
0.0219341
0.0219341
0.0219341
0.0219341
0.0219341
0.0219341
0.0219341
0.0219341
0.0219341
0.0219341
0.0219341
0.0219341
0.0219341
0.0219341
0.0219341
0.0219341
0.0219341
0.0219341
0.0219341
0.0219341
0.0219341
0.0219341
0.0219341
0.0219341
0.0219341
0.0219341
0.0219341
0.0219341
0.0219341
0.0219341
0.0219341
0.0219341
0.0219341
0.0219341
0.0219341
0.0219341
0.0445488
0.0445488
0.0445488
0.0445488
0.0445487
0.0445487
0.0445487
0.0445487
0.0445487
0.0445487
0.0445487
0.0445487
0.0445487
0.0445487
0.0445487
0.0445487
0.0445487
0.0445487
0.0445487
0.0445487
0.0445487
0.0445487
0.0445487
0.0445487
0.0445487
0.0445487
0.0445487
0.0445487
0.0445487
0.0445487
0.0445487
0.0445487
0.0445487
0.0445487
0.0718948
0.0718948
0.0718948
0.0718948
0.0718948
0.0718948
0.0718948
0.0718948
0.0718948
0.0718948
0.0718948
0.0718948
0.0718948
0.0718948
0.0718948
0.0718948
0.0718948
0.0718948
0.0718948
0.0718948
0.0718948
0.0718948
0.0718948
0.0718948
0.0718948
0.0718948
0.0718948
0.0718948
0.0718948
0.0718948
0.0718948
0.0718948
0.0718948
0.0718948
0.0718948
0.0718948
0.0718948
0.0718948
0.0718948
0.0718948
0.0718948
0.0718948
0.0718948
0.0718948
0.0718948
0.0718948
0.0718948
0.0718948
0.0718948
0.0718948
0.0798029
0.0798029
0.0798029
0.0798029
0.0798029
0.0798029
0.0798029
0.0798029
0.0798029
0.0927174
0.0927141
0.0927141
0.0927141
0.0927141
0.0927141
0.0927141
0.0927141
0.0927141
0.0927141
0.0927141
0.0927141
0.0927141
0.0927141
0.0927141
0.0927141
0.0927141
0.0927141
0.0927141
0.0927141
0.0927141
0.0927141
0.0927141
0.0927141
0.0927141
0.0927141
0.0927141
0.0927141
0.0927141
0.0927141
0.0927141
0.0927141
0.0932039
0.0932039
0.0932039
0.0932039
0.0932024
0.0932024
0.0932024
0.0932024
0.0932024
0.0932024
0.0932024
0.0932024
0.0932024
0.0932024
0.0932024
0.0932024
0.0932024
0.0932024
0.0932024
0.0932024
0.0932024
0.0932024
0.0932024
0.0932024
0.0932024
0.0932024
0.0932024
0.0932024
0.0932024
0.0932024
0.0932024
0.0932024
0.0932024
0.0932024
0.0932024
0.0932024
0.0932024
0.0932024
0.0932024
0.0932024
0.0932024
0.0932024
0.0932024
0.0932024
0.0932024
0.0932024
0.0932024
0.0932024
0.0932024
0.0932024
0.0932024
0.0932024
0.0932024
0.0932024
0.0932024
0.0932024
0.0932024
0.0932024
0.0932024
0.0932024
0.0932024
0.0932024
0.0932024
0.0932024
0.0932024
0.0932024
0.0932024
0.0932024
0.0932024
0.0932024
0.0932024
0.0932024
0.0932024
0.0932024
0.0932024
0.0932024
0.0932024
0.0932024
0.0932024
0.0932024
0.0932024
0.0932024
0.0932024
0.0932024
0.0932024
0.0932024
0.0932024
0.0932024
0.0932024
0.0932024
0.0932024
0.0932024
0.0932024
0.0932024
0.0932024
0.0932024
0.0932024
0.0932024
0.0932024
0.0932024
0.0932024
0.0932024
0.0932024
0.0932024
0.0932024
0.0932024
0.0932024
0.0932024
0.0932024
0.0932024
0.0932024
0.0932024
0.0932024
0.0932024
0.0932024
0.0932024
0.0932024
0.0932024
0.0932024
0.0932024
0.0932024
0.0932024
0.0932024
0.0932024
0.0932024
0.0932024
0.0932024
0.0932024
0.0932024
0.0932024
0.0932024
0.0932024
0.0932024
0.0932024
0.0932024
0.0932024
0.0932024
0.0932024
0.0932024
0.0932024
0.0932024
0.0932024
0.0932024
0.0932024
0.0932024
0.0932024
0.0932024
0.0932024
0.0932024
0.0932024
0.0932024
0.0932024
0.0932024
0.0932024
0.0932024
0.0932024
0.0932024
0.0932024
0.0932024
0.0932024
0.0932024
0.0932024
0.0932024
0.0932024
0.0932024
0.0932024
0.0932024
0.0932024
0.0932024
0.0932024
0.0932024
0.0932024
0.0932024
0.0932024
0.0932024
0.0932024
0.0932024
0.0932024
0.0932024
0.0932024
0.0932024
0.0932024
0.0932024
0.0932024
0.0932024
0.0932024
0.0932024
0.0932024
0.0932024
0.0932024
0.0932024
0.0932024
0.0932024
0.0932024
0.0932024
0.0932024
0.0932024
0.0932024
0.0932024
0.0932024
0.0932024
0.0932024
0.0932024
0.0932024
0.0932024
0.0932024
0.0932024
0.0932024
0.0932024
0.10519
0.10519
0.10519
0.10519
0.10519
0.10519
0.10519
0.10519
0.10519
0.10519
0.10519
0.10519
0.10519
0.10519
0.10519
0.10519
0.10519
0.10519
0.10519
0.10519
0.10519
0.10519
0.10519
0.10519
0.10519
0.10519
0.10519
0.10519
0.10519
0.10519
0.10519
0.10519
0.10519
0.10519
0.10519
0.10519
0.10519
0.10519
0.10519
0.10519
0.10519
0.10519
0.10519
0.10519
0.10519
0.10519
0.10519
0.10519
0.10519
0.10519
0.10519
0.10519
0.10519
0.10519
0.10519
0.10519
0.10519
0.10519
0.10519
0.10519
0.10519
0.10519
0.10519
0.10519
0.10519
0.10519
0.10519
0.10519
0.10519
0.10519
0.10519
0.10519
0.10519
0.10519
0.10519
0.10519
0.10519
0.10519
0.10519
0.10519
0.10519
0.10519
0.10519
0.10519
0.10519
0.10519
0.10519
0.10519
0.10519
0.10519
0.10519
0.131878
0.131878
0.131878
0.131878
0.131877
0.131877
0.131877
0.131877
0.131877
0.131877
0.131877
0.131877
0.131877
0.131877
0.154062
0.154062
0.154062
0.154062
0.154062
0.154062
0.154062
0.154062
0.154062
0.154062
0.154062
0.154062
0.154062
0.154062
0.154062
0.154062
0.154062
0.154062
0.154062
0.154062
0.154062
0.154062
0.154062
0.154062
0.154062
0.154062
0.154062
0.154062
0.154062
0.154062
0.154062
0.154062
0.154062
0.154062
0.154062
0.154062
0.154062
0.154062
0.154062
0.154062
0.154062
0.154062
0.154062
0.154062
0.154062
0.154062
0.154062
0.154062
0.154062
0.154062
0.154062
0.154062
0.154062
0.154062
0.154062
0.154062
0.154062
0.154062
0.154062
0.154062
0.154062
0.154062
0.154062
0.154062
0.154062
0.154062
0.154062
0.154062
0.154062
0.154062
0.154062
0.154062
0.154062
0.154062
0.154062
0.154062
0.154062
0.154062
0.154062
0.154062
0.154062
0.154062
0.154062
0.154062
0.154062
0.154062
0.154062
0.154062
0.154062
0.154062
0.154062
0.154062
0.154062
0.154062
0.154062
0.154062
0.154062
0.154062
0.154062
0.154062
0.154062
0.154062
0.154062
0.154062
0.154062
0.154062
0.154062
0.154062
0.154062
0.154062
0.154062
0.154062
0.154062
0.154062
0.157098
0.157095
0.157095
0.157095
0.157095
0.157095
0.157095
0.157095
0.157095
0.157095
0.157095
0.157095
0.157095
0.157095
0.157095
0.157095
0.157095
0.157095
0.157095
0.157095
0.157095
0.157095
0.157095
0.157095
0.157095
0.157095
0.157095
0.157095
0.157095
0.157095
0.157095
0.157095
0.157095
0.157095
0.157095
0.157095
0.157095
0.157095
0.157095
0.157095
0.157095
0.157095
0.157095
0.157095
0.157095
0.157095
0.157095
0.157095
0.157095
0.157095
